##############################################################################################################################
STRESS RESULTS
Config Count: 15
##############################################################################################################################
Config 1:   0.0                0.0                0.0                
            0.0                0.0                0.0                
            0.0                0.0                0.0                

Config 2:   0.0                0.0                0.0                
            0.0                0.0                0.0                
            0.0                0.0                0.0                

Config 3:   -0.00438351951146  -1.02765229197e-21 -9.8654620029e-21  
            -3.05212730715e-20 -0.00438351951146  -5.59042846831e-20 
            3.2884873343e-21   -4.93273100145e-20 -0.00438351951146  

Config 4:   -0.00438653798872  -0.000126144207479 -3.50008670644e-05 
            -0.000126144207479 -0.00406441728167  -6.66296312188e-05 
            -3.50008670644e-05 -6.66296312188e-05 -0.00414893048156  

Config 5:   -0.00554156016936  0.000226668418181  0.00019132199242   
            0.000226668418181  -0.00571195105807  9.77636566758e-05  
            0.00019132199242   9.77636566758e-05  -0.00573124342406  

Config 6:   -0.00573453164973  0.000236007799537  0.000199195474545  
            0.000236007799537  -0.00591172411962  0.000100930869385  
            0.000199195474545  0.000100930869385  -0.00593163136581  

Config 7:   -0.00560508080695  0.00022973716081   0.00019390904339   
            0.00022973716081   -0.00577770789536  9.88069447915e-05  
            0.00019390904339   9.88069447915e-05  -0.00579720200472  

Config 8:   -0.00551009628552  0.000225150402438  0.000190042264145  
            0.000225150402438  -0.00567938050259  9.72466099614e-05  
            0.000190042264145  9.72466099614e-05  -0.00569857317629  

Config 9:   -0.00541687434528  0.000220660806885  0.000186257447822  
            0.000220660806885  -0.0055828836057   9.5713619414e-05   
            0.000186257447822  9.5713619414e-05   -0.00560178183016  

Config 10:  -0.00563714027007  0.000231288051837  0.000195216504819  
            0.000231288051837  -0.0058108969972   9.93332267223e-05  
            0.000195216504819  9.93332267223e-05  -0.00583049317288  

Config 11:  -0.00544775469471  0.000222146676784  0.000187510059454  
            0.000222146676784  -0.00561484815157  9.6221611095e-05   
            0.000187510059454  9.6221611095e-05   -0.0056338437619   

Config 12:  -0.00566940097601  0.000232850066041  0.000196533349883  
            0.000232850066041  -0.0058442951086   9.98626276721e-05  
            0.000196533349883  9.98626276721e-05  -0.00586399415729  

Config 13:  -0.00557322122734  0.000228197310421  0.000192610895831  
            0.000228197310421  -0.00574472638815  9.82837615679e-05  
            0.000192610895831  9.82837615679e-05  -0.00576411923017  

Config 14:  -0.00547882823413  0.000223643181982  0.000188771642369  
            0.000223643181982  -0.00564701332522  9.67326013501e-05  
            0.000188771642369  9.67326013501e-05  -0.00566610708284  

Config 15:  -0.00570186430664  0.000234423287199  0.000197859649394  
            0.000234423287199  -0.0058779036679   0.000100395168312  
            0.000197859649394  0.000100395168312  -0.00589770640413  

##############################################################################################################################
