##############################################################################################################################
ENERGY RESULTS
Config Count: 15
##############################################################################################################################
Config 1:   357.746934382      0.0                357.746934382      1.39744896243      0.0                1.39744896243      
Config 2:   357.746934382      0.0                357.746934382      1.39744896243      0.0                1.39744896243      
Config 3:   357.746934382      0.0                357.746934382      1.39744896243      0.0                1.39744896243      
Config 4:   288.048962212      0.0                288.048962212      1.12519125864      0.0                1.12519125864      
Config 5:   357.153876261      0.0                357.153876261      1.39513232914      0.0                1.39513232914      
Config 6:   363.08683761       0.0                363.08683761       1.41830795941      0.0                1.41830795941      
Config 7:   359.120433552      0.0                359.120433552      1.40281419356      0.0                1.40281419356      
Config 8:   356.174733775      0.0                356.174733775      1.39130755381      0.0                1.39130755381      
Config 9:   353.253765287      0.0                353.253765287      1.37989752065      0.0                1.37989752065      
Config 10:  360.107862768      0.0                360.107862768      1.40667133894      0.0                1.40667133894      
Config 11:  354.224685345      0.0                354.224685345      1.38369017713      0.0                1.38369017713      
Config 12:  361.098068343      0.0                361.098068343      1.41053932947      0.0                1.41053932947      
Config 13:  358.135773812      0.0                358.135773812      1.39896786645      0.0                1.39896786645      
Config 14:  355.198339099      0.0                355.198339099      1.38749351211      0.0                1.38749351211      
Config 15:  362.091057571      0.0                362.091057571      1.41441819364      0.0                1.41441819364      
##############################################################################################################################
