##############################################################################################################################
ENERGY RESULTS
Config Count: 15
##############################################################################################################################
Config 1:   -3341.3410282      0.0                -3341.3410282      -13.0521133914     0.0                -13.0521133914     
Config 2:   -3341.3410282      0.0                -3341.3410282      -13.0521133914     0.0                -13.0521133914     
Config 3:   -3341.3410282      0.0                -3341.3410282      -13.0521133914     0.0                -13.0521133914     
Config 4:   -2578.13831745     0.0                -2578.13831745     -10.0708528025     0.0                -10.0708528025     
Config 5:   -3337.32927885     0.0                -3337.32927885     -13.0364424955     0.0                -13.0364424955     
Config 6:   -3377.37403426     0.0                -3377.37403426     -13.1928673213     0.0                -13.1928673213     
Config 7:   -3350.62447042     0.0                -3350.62447042     -13.0883768376     0.0                -13.0883768376     
Config 8:   -3330.70150353     0.0                -3330.70150353     -13.0105527482     0.0                -13.0105527482     
Config 9:   -3310.89719468     0.0                -3310.89719468     -12.9331921667     0.0                -12.9331921667     
Config 10:  -3357.29193154     0.0                -3357.29193154     -13.1144216076     0.0                -13.1144216076     
Config 11:  -3317.48548303     0.0                -3317.48548303     -12.9589276681     0.0                -12.9589276681     
Config 12:  -3363.97266411     0.0                -3363.97266411     -13.1405182192     0.0                -13.1405182192     
Config 13:  -3343.97026049     0.0                -3343.97026049     -13.06238383       0.0                -13.06238383       
Config 14:  -3324.08691173     0.0                -3324.08691173     -12.9847144989     0.0                -12.9847144989     
Config 15:  -3370.66669103     0.0                -3370.66669103     -13.1666667618     0.0                -13.1666667618     
##############################################################################################################################
