##############################################################################################################################
STRESS RESULTS
Config Count: 15
##############################################################################################################################
Config 1:   0.0452594897537    8.08967884238e-19  1.04573897231e-18  
            9.64348910784e-19  0.0452594897537    6.90582340203e-19  
            4.86696125476e-19  3.81464530779e-19  0.0452594897537    

Config 2:   0.0452594897537    8.08967884238e-19  1.04573897231e-18  
            9.64348910784e-19  0.0452594897537    6.90582340203e-19  
            4.86696125476e-19  3.81464530779e-19  0.0452594897537    

Config 3:   0.0452594897537    8.08967884238e-19  1.04573897231e-18  
            9.64348910784e-19  0.0452594897537    6.90582340203e-19  
            4.86696125476e-19  3.81464530779e-19  0.0452594897537    

Config 4:   0.0394337761719    0.00119411913986   0.00040934848365   
            0.00119411913986   0.0365011098626    0.000686728573924  
            0.00040934848365   0.000686728573924  0.0373083056889    

Config 5:   0.0512070208691    -0.00254494278432  -0.00215231001761  
            -0.00254494278432  0.0530169279836    -0.000845692811811 
            -0.00215231001761  -0.000845692811811 0.0532785281651    

Config 6:   0.0527561127334    -0.00262805636636  -0.00222263502135  
            -0.00262805636636  0.0546245916119    -0.000870391307084 
            -0.00222263502135  -0.000870391307084 0.0548949013745    

Config 7:   0.0517176424691    -0.00257232202802  -0.00217547624481  
            -0.00257232202802  0.0535468455543    -0.000853836394062 
            -0.00217547624481  -0.000853836394062 0.0538113127938    

Config 8:   0.0509538324173    -0.00253137331843  -0.0021408286473   
            -0.00253137331843  0.0527541757508    -0.000841654015472 
            -0.0021408286473   -0.000841654015472 0.0530143557372    

Config 9:   0.0502026518512    -0.0024911393949   -0.00210678629789  
            -0.0024911393949   0.0519746363566    -0.000829668008396 
            -0.00210678629789  -0.000829668008396 0.052230608364     

Config 10:  0.0519750932896    -0.00258613284498  -0.00218716198234  
            -0.00258613284498  0.0538140292915    -0.000857941449802 
            -0.00218716198234  -0.000857941449802 0.0540799435174    

Config 11:  0.0504516565323    -0.00250447213072  -0.00211806721709  
            -0.00250447213072  0.052233038916     -0.000833641745447 
            -0.00211806721709  -0.000833641745447 0.0524904048755    

Config 12:  0.0522339825982    -0.00260002515356  -0.00219891672472  
            -0.00260002515356  0.0540827086239    -0.000862068862155 
            -0.00219891672472  -0.000862068862155 0.0543500788905    

Config 13:  0.05146162129      -0.00255859218189  -0.00216385907077  
            -0.00255859218189  0.0532811482012    -0.000849753559947 
            -0.00216385907077  -0.000849753559947 0.0535441774466    

Config 14:  0.0507020471743    -0.00251788326933  -0.00212941452348  
            -0.00251788326933  0.0524928823822    -0.000837637037153 
            -0.00212941452348  -0.000837637037153 0.0527516509814    

Config 15:  0.0524943194011    -0.00261399948345  -0.00221074092086  
            -0.00261399948345  0.0543528929283    -0.000866218768619 
            -0.00221074092086  -0.000866218768619 0.0546217283528    

##############################################################################################################################
