##############################################################################################################################
STRESS RESULTS
Config Count: 15
##############################################################################################################################
Config 1:   0.0                0.0                0.0                
            0.0                0.0                0.0                
            0.0                0.0                0.0                

Config 2:   0.0                0.0                0.0                
            0.0                0.0                0.0                
            0.0                0.0                0.0                

Config 3:   0.00321954890353   4.33155441065e-20  8.38668641183e-20  
            6.79791991137e-20  0.00321954890353   6.24852736185e-20  
            8.0578376784e-20   4.93313242813e-20  0.00321954890353   

Config 4:   0.00215596194121   3.820377265e-05    -9.8737962624e-08  
            3.820377265e-05    0.00194614002123   9.52090880984e-06  
            -9.87379626239e-08 9.52090880984e-06  0.00198876760567   

Config 5:   0.00468714244493   -0.000123646204022 -0.00010309220092  
            -0.000123646204022 0.00486841267962   -8.11333374653e-05 
            -0.00010309220092  -8.11333374653e-05 0.0048394137079    

Config 6:   0.00503620336273   -0.000140037730781 -0.000116419063368 
            -0.000140037730781 0.00522770426903   -8.62830954442e-05 
            -0.000116419063368 -8.62830954442e-05 0.00520024300389   

Config 7:   0.00480315396696   -0.0001290767604   -0.00010751492642  
            -0.0001290767604   0.00498776085266   -8.28690017093e-05 
            -0.00010751492642  -8.28690017093e-05 0.00495926984282   

Config 8:   0.00462929531313   -0.000120945583441 -0.000100889825236 
            -0.000120945583441 0.00480892373225   -8.02587562611e-05 
            -0.000100889825236 -8.02587562611e-05 0.00477967215089   

Config 9:   0.00445649092503   -0.000112910200465 -9.43247754841e-05 
            -0.000112910200465 0.00463129658173   -7.76095470671e-05 
            -9.43247754841e-05 -7.76095470671e-05 0.00460129110347   

Config 10:  0.00486130090549   -0.000131805429121 -0.000109734305703 
            -0.000131805429121 0.00504760322545   -8.37298421992e-05 
            -0.000109734305703 -8.37298421992e-05 0.00501936778927   

Config 11:  0.00451396098394   -0.000115576911293 -9.65055815494e-05 
            -0.000115576911293 0.00469035737347   -7.84967249526e-05 
            -9.65055815494e-05 -7.84967249526e-05 0.00466060268005   

Config 12:  0.00491953078066   -0.000134542213603 -0.00011195841835  
            -0.000134542213603 0.00510754703365   -8.45858793224e-05 
            -0.00011195841835  -8.45858793224e-05 0.00507956836341   

Config 13:  0.00474509825463   -0.000126356810247 -0.000105300732821 
            -0.000126356810247 0.00492802788022   -8.20034610988e-05 
            -0.000105300732821 -8.20034610988e-05 0.00489928239396   

Config 14:  0.00457156512135   -0.000118255592833 -9.86941068337e-05 
            -0.000118255592833 0.00474956901225   -7.93798372638e-05 
            -9.86941068337e-05 -7.93798372638e-05 0.00472006556741   

Config 15:  0.00497783426483   -0.000137286501752 -0.000114186807708 
            -0.000137286501752 0.00516758326723   -8.54369923394e-05 
            -0.000114186807708 -8.54369923394e-05 0.00513986262862   

##############################################################################################################################
