##############################################################################################################################
STRESS RESULTS
Config Count: 15
##############################################################################################################################
Config 1:   0.0                0.0                0.0                
            0.0                0.0                0.0                
            0.0                0.0                0.0                

Config 2:   0.0                0.0                0.0                
            0.0                0.0                0.0                
            0.0                0.0                0.0                

Config 3:   -0.00368640577332  -2.78493771124e-20 -6.82361121867e-20 
            2.05530458394e-21  -0.00368640577332  -2.63078986744e-20 
            -7.14732169064e-20 -5.83192675692e-20 -0.00368640577332  

Config 4:   -0.0054711518656   -0.000161942333101 -4.42649447192e-05 
            -0.000161942333101 -0.00509050813876  -8.15836370084e-05 
            -4.42649447192e-05 -8.15836370084e-05 -0.00518892767034  

Config 5:   -0.00459418990057  0.000191108441408  0.000160782103279  
            0.000191108441408  -0.00475083994256  7.79301614198e-05  
            0.000160782103279  7.79301614198e-05  -0.00476049567481  

Config 6:   -0.00453285618327  0.000191449561723  0.000161058627448  
            0.000191449561723  -0.00469149691764  7.61278105512e-05  
            0.000161058627448  7.61278105512e-05  -0.00469941737817  

Config 7:   -0.00457363294941  0.000191158848224  0.000160815763859  
            0.000191158848224  -0.00473098314437  7.73172395273e-05  
            0.000160815763859  7.73172395273e-05  -0.00474006459112  

Config 8:   -0.0046044901701   0.000191104160008  0.000160784997098  
            0.000191104160008  -0.00476077724734  7.82410409184e-05  
            0.000160784997098  7.82410409184e-05  -0.00477071938376  

Config 9:   -0.00463540694675  0.000191165003784  0.000160864544228  
            0.000191165003784  -0.00479055596539  7.91907092984e-05  
            0.000160864544228  7.91907092984e-05  -0.00480135737456  

Config 10:  -0.00456338812484  0.000191206604214  0.000160853610689  
            0.000191206604214  -0.00472107505589  7.70152857143e-05  
            0.000160853610689  7.70152857143e-05  -0.00472986814356  

Config 11:  -0.00462510475341  0.000191133288268  0.000160826904504  
            0.000191133288268  -0.00478064114484  7.8871378467e-05   
            0.000160826904504  7.8871378467e-05   -0.00479115586104  

Config 12:  -0.00455317311475  0.000191270451959  0.000160906297273  
            0.000191270451959  -0.00471118755407  7.67163760378e-05  
            0.000160906297273  7.67163760378e-05  -0.00471969116575  

Config 13:  -0.00458390215659  0.000191126396644  0.00016079214069   
            0.000191126396644  -0.00474090664405  7.76222113362e-05  
            0.00016079214069   7.76222113362e-05  -0.00475027556033  

Config 14:  -0.00461479726666  0.000191112726989  0.000160800160982  
            0.000191112726989  -0.00477071306754  7.8554802784e-05   
            0.000160800160982  7.8554802784e-05   -0.00478094144793  

Config 15:  -0.00454299411691  0.000191351186946  0.000160974443167  
            0.000191351186946  -0.00470132658286  7.64205483104e-05  
            0.000160974443167  7.64205483104e-05  -0.00470953938996  

##############################################################################################################################
