##############################################################################################################################
ENERGY RESULTS
Config Count: 15
##############################################################################################################################
Config 1:   357.746934354      -617.015943605     -259.26900925      1.39744896232      -2.41021852971     -1.01276956738     
Config 2:   357.746934354      -617.015943605     -259.26900925      1.39744896232      -2.41021852971     -1.01276956738     
Config 3:   357.746934354      -617.015943605     -259.26900925      1.39744896232      -2.41021852971     -1.01276956738     
Config 4:   288.048962195      -615.50174296      -327.452780765     1.12519125857      -2.40430368344     -1.27911242486     
Config 5:   357.153876244      -617.146139755     -259.99226351      1.39513232908      -2.41072710842     -1.01559477934     
Config 6:   363.0868376        -615.71066511      -252.623827509     1.41830795938      -2.40511978559     -0.986811826209    
Config 7:   359.120433539      -616.70293266      -257.58249912      1.40281419351      -2.4089958307      -1.00618163719     
Config 8:   356.174733766      -617.354489137     -261.179755372     1.39130755377      -2.41154097319     -1.02023341942     
Config 9:   353.253765285      -617.926459293     -264.672694008     1.37989752064      -2.41377523161     -1.03387771097     
Config 10:  360.107862767      -616.468087735     -256.360224968     1.40667133893      -2.40807846772     -1.00140712878     
Config 11:  354.224685314      -617.744653329     -263.519968015     1.38369017701      -2.41306505207     -1.02937487506     
Config 12:  361.098068317      -616.224423135     -255.126354817     1.41053932936      -2.40712665287     -0.996587323506    
Config 13:  358.135773779      -616.928952127     -258.793178348     1.39896786633      -2.40987871925     -1.01091085292     
Config 14:  355.198339081      -617.553995588     -262.355656507     1.38749351204      -2.41232029527     -1.02482678323     
Config 15:  362.091057545      -615.971947197     -253.880889651     1.41441819354      -2.40614041874     -0.9917222252      
##############################################################################################################################
