##############################################################################################################################
ENERGY RESULTS
Config Count: 15
##############################################################################################################################
Config 1:   -243.454936695     -617.015943605     -860.4708803       -0.950995846465    -2.41021852971     -3.36121437617     
Config 2:   -243.454936695     -617.015943605     -860.4708803       -0.950995846465    -2.41021852971     -3.36121437617     
Config 3:   -243.454936695     -617.015943605     -860.4708803       -0.950995846465    -2.41021852971     -3.36121437617     
Config 4:   -213.734559555     -615.50174296      -829.236302515     -0.834900623262    -2.40430368344     -3.2392043067      
Config 5:   -243.259664341     -617.146139755     -860.405804096     -0.950233063832    -2.41072710842     -3.36096017225     
Config 6:   -245.038519915     -615.71066511      -860.749185025     -0.957181718419    -2.40511978559     -3.362301504       
Config 7:   -243.892495543     -616.70293266      -860.595428203     -0.952705060716    -2.4089958307      -3.36170089142     
Config 8:   -242.928984221     -617.354489137     -860.283473358     -0.948941344613    -2.41154097319     -3.36048231781     
Config 9:   -241.882118511     -617.926459293     -859.808577804     -0.944852025433    -2.41377523161     -3.35862725705     
Config 10:  -244.194256145     -616.468087735     -860.66234388      -0.953883813065    -2.40807846772     -3.36196228078     
Config 11:  -242.240029686     -617.744653329     -859.984683015     -0.94625011596     -2.41306505207     -3.35931516803     
Config 12:  -244.485985768     -616.224423135     -860.710408902     -0.955023381905    -2.40712665287     -3.36215003478     
Config 13:  -243.58089941      -616.928952127     -860.509851537     -0.95148788832     -2.40987871925     -3.36136660757     
Config 14:  -242.589042337     -617.553995588     -860.143037925     -0.947613446628    -2.41232029527     -3.35993374189     
Config 15:  -244.76747292      -615.971947197     -860.739420116     -0.956122941093    -2.40614041874     -3.36226335983     
##############################################################################################################################
