##############################################################################################################################
STRESS RESULTS
Config Count: 15
##############################################################################################################################
Config 1:   0.0                0.0                0.0                
            0.0                0.0                0.0                
            0.0                0.0                0.0                

Config 2:   0.0                0.0                0.0                
            0.0                0.0                0.0                
            0.0                0.0                0.0                

Config 3:   -0.00371630086294  -9.08444626101e-20 -6.49476248524e-20 
            -4.18254482831e-20 -0.00371630086294  -5.50821628495e-20 
            -7.64059479079e-20 -6.6540485905e-20  -0.00371630086294  

Config 4:   -0.00544778014219  -0.000160773285425 -4.36471391832e-05 
            -0.000160773285425 -0.00506765542854  -8.01014507788e-05 
            -4.36471391832e-05 -8.01014507788e-05 -0.00516518238984  

Config 5:   -0.00461625860475  0.000190353043551  0.000159953775074  
            0.000190353043551  -0.00477818887606  7.75005153184e-05  
            0.000159953775074  7.75005153184e-05  -0.00478733817428  

Config 6:   -0.0045554179867   0.000190758468089  0.00016024527722   
            0.000190758468089  -0.00471923676045  7.56476656168e-05  
            0.00016024527722   7.56476656168e-05  -0.00472670733424  

Config 7:   -0.00459588722367  0.000190424207542  0.000159991770009  
            0.000190424207542  -0.0047584887006   7.68705023194e-05  
            0.000159991770009  7.68705023194e-05  -0.00476708284108  

Config 8:   -0.00462645810094  0.000190338616482  0.000159954723474  
            0.000190338616482  -0.00478803798537  7.7820021727e-05   
            0.000159954723474  7.7820021727e-05   -0.00479746402634  

Config 9:   -0.0046570406125   0.000190369889894  0.000160029242313  
            0.000190369889894  -0.00481751267774  7.87958457307e-05  
            0.000160029242313  7.87958457307e-05  -0.00482776864308  

Config 10:  -0.00458572720968  0.000190482586728  0.000160032019745  
            0.000190482586728  -0.00474864903968  7.65600930124e-05  
            0.000160032019745  7.65600930124e-05  -0.00475696428331  

Config 11:  -0.00464685515805  0.000190347891795  0.000159993150293  
            0.000190347891795  -0.00480770575732  7.84677546578e-05  
            0.000159993150293  7.84677546578e-05  -0.00481768487088  

Config 12:  -0.00457559171273  0.000190557229081  0.000160087276199  
            0.000190557229081  -0.00473882338671  7.625279385e-05    
            0.000160087276199  7.625279385e-05    -0.00474685854628  

Config 13:  -0.00460606630737  0.000190381297826  0.000159965903452  
            0.000190381297826  -0.00476833718479  7.71839911274e-05  
            0.000159965903452  7.71839911274e-05  -0.00477720926414  

Config 14:  -0.00463665909717  0.000190337185717  0.000159968080868  
            0.000190337185717  -0.00479787902889  7.81424590843e-05  
            0.000159968080868  7.81424590843e-05  -0.00480758159023  

Config 15:  -0.00456548694534  0.000190648936357  0.000160158166325  
            0.000190648936357  -0.00472901769448  7.59486471535e-05  
            0.000160158166325  7.59486471535e-05  -0.00473677136912  

##############################################################################################################################
