##############################################################################################################################
ENERGY RESULTS
Config Count: 15
##############################################################################################################################
Config 1:   359.658119575      -617.015943605     -257.35782403      1.40491452959      -2.41021852971     -1.00530400012     
Config 2:   359.658119575      -617.015943605     -257.35782403      1.40491452959      -2.41021852971     -1.00530400012     
Config 3:   359.658119575      -617.015943605     -257.35782403      1.40491452959      -2.41021852971     -1.00530400012     
Config 4:   286.507563484      -615.50174296      -328.994179476     1.11917016986      -2.40430368344     -1.28513351358     
Config 5:   359.066371227      -617.146139755     -258.079768527     1.40260301261      -2.41072710842     -1.00812409581     
Config 6:   364.978539676      -615.71066511      -250.732125434     1.42569742061      -2.40511978559     -0.979422364976    
Config 7:   361.027913754      -616.70293266      -255.675018905     1.4102652881       -2.4089958307      -0.998730542599    
Config 8:   358.089002047      -617.354489137     -259.26548709      1.39878516425      -2.41154097319     -1.01275580895     
Config 9:   355.170373323      -617.926459293     -262.75608597      1.38738427079      -2.41377523161     -1.02639096082     
Config 10:  362.012109879      -616.468087735     -254.455977856     1.41410980421      -2.40807846772     -0.993968663501    
Config 11:  356.141013313      -617.744653329     -261.603640017     1.39117583325      -2.41306505207     -1.02188921882     
Config 12:  362.998604748      -616.224423135     -253.225818386     1.4179632998       -2.40712665287     -0.989163353072    
Config 13:  360.04600476       -616.928952127     -256.882947367     1.4064297061       -2.40987871925     -1.00344901315     
Config 14:  357.113886229      -617.553995588     -260.440109359     1.39497611808      -2.41232029527     -1.01734417718     
Config 15:  363.987410442      -615.971947197     -251.984536754     1.42182582204      -2.40614041874     -0.984314596696    
##############################################################################################################################
